# Made in Blockbench 4.11.1
mtllib turbine_stage.mtl

o center
v 0.75 0.75 0.4375
v 0.75 0.25 0.4375
v 0.75 0.75 0.5625
v 0.75 0.25 0.5625
v 0.25 0.25 0.4375
v 0.25 0.75 0.4375
v 0.25 0.25 0.5625
v 0.25 0.75 0.5625
vt 0.5 1
vt 1 1
vt 1 0.875
vt 0.5 0.875
vt 0.5 0.875
vt 1 0.875
vt 1 0.75
vt 0.5 0.75
vt 0.5 0.75
vt 1 0.75
vt 1 0.625
vt 0.5 0.625
vt 0.5 0.625
vt 1 0.625
vt 1 0.5
vt 0.5 0.5
vt 0.5 0.5
vt 0 0.5
vt 0 1
vt 0.5 1
vt 0.5 0.5
vt 0 0.5
vt 0 0
vt 0.5 0
vn 0 -1 -2.220446049250313e-16
vn 1 0 0
vn 0 1 2.220446049250313e-16
vn -1 0 0
vn 0 2.220446049250313e-16 -1
vn 0 -2.220446049250313e-16 1
usemtl center
f 4/4/1 7/3/1 5/2/1 2/1/1
f 3/8/2 4/7/2 2/6/2 1/5/2
f 8/12/3 3/11/3 1/10/3 6/9/3
f 7/16/4 8/15/4 6/14/4 5/13/4
f 6/20/5 1/19/5 2/18/5 5/17/5
f 7/24/6 4/23/6 3/22/6 8/21/6
o rim
v 0.3086582838174551 0.9619397662556433 0.75
v 0.30865828381745514 0.9619397662556434 0.25146444818346114
v 0.6913417161825448 0.9619397662556431 0.75
v 0.6913417161825448 0.9619397662556433 0.25146444818346114
v 0.9619397662556434 0.6913417161825448 0.75
v 0.9619397662556434 0.691341716182545 0.2514644481834611
v 0.9619397662556433 0.30865828381745514 0.7499999999999999
v 0.9619397662556433 0.30865828381745525 0.25146444818346103
v 0.6913417161825449 0.03806023374435663 0.7499999999999998
v 0.6913417161825449 0.03806023374435674 0.2514644481834609
v 0.3086582838174552 0.03806023374435663 0.7499999999999998
v 0.3086582838174552 0.03806023374435674 0.2514644481834609
v 0.03806023374435663 0.308658283817455 0.7499999999999999
v 0.03806023374435663 0.30865828381745514 0.25146444818346103
v 0.03806023374435663 0.6913417161825447 0.75
v 0.03806023374435663 0.6913417161825448 0.25146444818346114
v 0.40758195108383083 0.7231169071014756 0.7485355518165389
v 0.4043291419087276 0.7309698831278217 0.25
v 0.5924180489161691 0.7231169071014756 0.7485355518165389
v 0.5956708580912724 0.7309698831278217 0.25
v 0.7231169071014757 0.5924180489161691 0.7485355518165389
v 0.7309698831278216 0.5956708580912725 0.25
v 0.7231169071014757 0.4075819510838309 0.7485355518165389
v 0.7309698831278217 0.40432914190872765 0.24999999999999997
v 0.5924180489161691 0.2768830928985243 0.7485355518165387
v 0.5956708580912724 0.2690301168721785 0.24999999999999994
v 0.40758195108383083 0.27688309289852425 0.7485355518165387
v 0.40432914190872754 0.26903011687217837 0.2499999999999999
v 0.2768830928985243 0.4075819510838308 0.7485355518165389
v 0.2690301168721783 0.4043291419087276 0.24999999999999994
v 0.2768830928985242 0.592418048916169 0.7485355518165389
v 0.26903011687217826 0.5956708580912724 0.24999999999999997
vt 0.40625 0.453125
vt 0.5 0.453125
vt 0.5 0.578125
vt 0.40625 0.578125
vt 0.359375 0.875
vt 0.453125 0.875
vt 0.453125 1
vt 0.359375 1
vt 0.25 0.875
vt 0.34375 0.875
vt 0.34375 1
vt 0.25 1
vt 0.4375 0.59375
vt 0.53125 0.59375
vt 0.53125 0.71875
vt 0.4375 0.71875
vt 0.109375 0.453125
vt 0.203125 0.453125
vt 0.203125 0.578125
vt 0.109375 0.578125
vt 0 0.484375
vt 0.09375 0.484375
vt 0.09375 0.609375
vt 0 0.609375
vt 0 0.625
vt 0.09375 0.625
vt 0.09375 0.75
vt 0 0.75
vt 0.4375 0.734375
vt 0.53125 0.734375
vt 0.53125 0.859375
vt 0.4375 0.859375
vt 0.015478125000000002 0.34375
vt 0.0616875 0.34375
vt 0.0625 0.46875
vt 0.014665625000000002 0.46875
vt 0.484228125 0.875
vt 0.5304375 0.875
vt 0.53125 1
vt 0.483415625 1
vt 0.2195625 0.421875
vt 0.265771875 0.421875
vt 0.266584375 0.546875
vt 0.21875 0.546875
vt 0.5476875 0.734375
vt 0.593896875 0.734375
vt 0.594709375 0.859375
vt 0.546875 0.859375
vt 0.531103125 0.453125
vt 0.5773125 0.453125
vt 0.578125 0.578125
vt 0.530290625 0.578125
vt 0.312353125 0.421875
vt 0.3585625 0.421875
vt 0.359375 0.546875
vt 0.311540625 0.546875
vt 0.1101875 0.625
vt 0.156396875 0.625
vt 0.15720937499999998 0.75
vt 0.109375 0.75
vt 0.5476875 0.875
vt 0.593896875 0.875
vt 0.594709375 1
vt 0.546875 1
vt 0.2469468071512701 0.6574729508733212
vt 0.18920234212687884 0.6335559271313952
vt 0.25685156249999996 0.5659046843569677
vt 0.2807703125 0.6236484343569678
vt 0.18920520223423437 0.7292278020886438
vt 0.18920234212687884 0.6335559271313952
vt 0.2469468071512701 0.6574729508733212
vt 0.246948237158237 0.7053073258519462
vt 0.2568584673495075 0.796875
vt 0.18920520223423437 0.7292278020886438
vt 0.246948237158237 0.7053073258519462
vt 0.2807737648119847 0.7391298200028242
vt 0.25685846734950757 0.796875
vt 0.2807737648119847 0.7391298200028242
vt 0.32860813972648467 0.7391269599888917
vt 0.35253034217850193 0.7968692797852914
vt 0.35251653265049254 0.796875
vt 0.3286012351880153 0.7391298200028242
vt 0.362426762841763 0.7053073258519462
vt 0.4201697977657657 0.7292278020886438
vt 0.4201726578731212 0.6335559271313952
vt 0.36242819284872985 0.6574729508733212
vt 0.3286046875 0.6236484343569678
vt 0.35252343750000004 0.5659046843569677
vt 0.4201697977657657 0.7292278020886438
vt 0.362426762841763 0.7053073258519462
vt 0.3624281928487299 0.6574729508733212
vt 0.4201726578731212 0.6335559271313952
vt 0.35252343750000004 0.5659046843569677
vt 0.3286046875 0.6236484343569678
vt 0.2807703125 0.6236484343569678
vt 0.25685156249999996 0.5659046843569677
vt 0.232672843476062 0.9289473222302495
vt 0.1650219649442062 0.9965969068548701
vt 0.14029147625771607 0.9368903415127541
vt 0.17296675115076038 0.9042156915750024
vt 0.232672843476062 0.9289473222302496
vt 0.17296675115076038 0.9042156915750024
vt 0.17296704575751065 0.8580063165759415
vt 0.23267345342978216 0.8332754472321939
vt 0.23267345342978216 0.8332754472321939
vt 0.17296704575751065 0.8580063165759415
vt 0.1402921875 0.82533125
vt 0.1650234375 0.765625
vt 0.1650234375 0.765625
vt 0.1402921875 0.82533125
vt 0.0940828125 0.82533125
vt 0.06935156249999999 0.765625
vt 0.06935156249999999 0.765625
vt 0.0940828125 0.82533125
vt 0.061407954242489356 0.8580063165759415
vt 0.0017015465702178434 0.8332754472321939
vt 0.0017021565239379866 0.9289473222302495
vt 0.06140824884923963 0.9042156915750024
vt 0.09408352374228396 0.9368903415127541
vt 0.06935303505579382 0.9965969068548701
vt 0.16502491004801634 0.99659568694743
vt 0.06935303505579384 0.9965969068548701
vt 0.09408352374228396 0.9368903415127541
vt 0.14029289873852743 0.9368897522992535
vt 0.0017021565239379866 0.9289473222302496
vt 0.0017015465702178434 0.8332754472321939
vt 0.06140795424248935 0.8580063165759415
vt 0.06140824884923962 0.9042156915750024
vn 1.665334536937734e-16 1 2.220446049250313e-16
vn 0.7071067811865474 0.7071067811865478 1.7663540160192474e-16
vn 1 -1.6653345369377343e-16 2.775557561562887e-17
vn 0.7071067811865478 -0.7071067811865475 -1.3738309013483032e-16
vn 0 -1 -2.220446049250313e-16
vn -0.7071067811865474 -0.7071067811865478 -1.7663540160192474e-16
vn -1 5.5511151231257815e-17 -2.7755575615628895e-17
vn -0.7071067811865477 0.7071067811865476 1.3738309013483032e-16
vn 0 0.9998759589403962 0.01575013438112493
vn 0.7070190709121559 0.7070190709121563 0.015750134381124874
vn 0.999875958940396 5.5511151231257815e-17 0.01575013438112469
vn 0.7070190709121562 -0.707019070912156 0.015750134381124468
vn 2.2204460492503126e-16 -0.999875958940396 0.01575013438112442
vn -0.7070190709121561 -0.7070190709121561 0.015750134381124468
vn -0.9998759589403962 -2.220446049250313e-16 0.01575013438112466
vn -0.707019070912156 0.7070190709121562 0.015750134381124794
vn 0.006340301723955407 2.363560736018399e-16 -0.9999799000850214
vn 0.004483270343777624 0.004483270343777871 -0.9999799000850214
vn -7.372574772901429e-18 0.006340301723955655 -0.9999799000850214
vn -0.0044832703437776384 0.004483270343777871 -0.9999799000850214
vn -0.006340301723955426 2.346213501258631e-16 -0.9999799000850214
vn -5.6378512969246215e-18 -0.00634030172395518 -0.9999799000850214
vn -0.004483270343777639 -0.004483270343777395 -0.9999799000850214
vn 0.004483270343777622 -0.004483270343777396 -0.9999799000850214
vn 0.004335857033379195 0.004335857033378952 0.9999812001670693
vn 0.006131827821115624 -2.328866266498863e-16 0.9999812001670693
vn 0.004335857033379195 -0.0043358570333794245 0.9999812001670693
vn 8.673617379884034e-18 -0.006131827821115854 0.9999812001670693
vn -0.004335857033379178 -0.004335857033379425 0.9999812001670693
vn -0.004335857033379179 0.004335857033378949 0.9999812001670693
vn 8.239936510889832e-18 0.006131827821115383 0.9999812001670693
vn -0.00613182782111561 -2.363560736018399e-16 0.9999812001670693
usemtl rim
f 9/25/7 11/26/7 12/27/7 10/28/7
f 11/29/8 13/30/8 14/31/8 12/32/8
f 13/33/9 15/34/9 16/35/9 14/36/9
f 15/37/10 17/38/10 18/39/10 16/40/10
f 17/41/11 19/42/11 20/43/11 18/44/11
f 19/45/12 21/46/12 22/47/12 20/48/12
f 21/49/13 23/50/13 24/51/13 22/52/13
f 23/53/14 9/54/14 10/55/14 24/56/14
f 25/57/15 27/58/15 28/59/15 26/60/15
f 27/61/16 29/62/16 30/63/16 28/64/16
f 29/65/17 31/66/17 32/67/17 30/68/17
f 31/69/18 33/70/18 34/71/18 32/72/18
f 33/73/19 35/74/19 36/75/19 34/76/19
f 35/77/20 37/78/20 38/79/20 36/80/20
f 37/81/21 39/82/21 40/83/21 38/84/21
f 39/85/22 25/86/22 26/87/22 40/88/22
f 30/89/23 14/90/23 16/91/23 32/92/23
f 12/93/24 14/94/24 30/95/24 28/96/24
f 10/97/25 12/98/25 28/99/25 26/100/25
f 10/101/26 26/102/26 40/103/26 24/104/26
f 24/105/27 40/106/27 38/107/27 22/108/27
f 20/109/28 36/110/28 34/111/28 18/112/28
f 22/113/29 38/114/29 36/115/29 20/116/29
f 18/117/30 34/118/30 32/119/30 16/120/30
f 21/121/31 19/122/31 35/123/31 37/124/31
f 21/125/32 37/126/32 39/127/32 23/128/32
f 23/129/33 39/130/33 25/131/33 9/132/33
f 9/133/34 25/134/34 27/135/34 11/136/34
f 11/137/35 27/138/35 29/139/35 13/140/35
f 15/141/36 31/142/36 33/143/36 17/144/36
f 19/145/37 17/146/37 33/147/37 35/148/37
f 15/149/38 13/150/38 29/151/38 31/152/38
o shaft
v 0.625 0.6249999999999987 -3.3306690738754696e-16
v 0.625 0.37499999999999856 3.3306690738754696e-16
v 0.625 0.6250000000000013 0.9999999999999996
v 0.625 0.37500000000000144 1.0000000000000004
v 0.375 0.37499999999999856 3.3306690738754696e-16
v 0.375 0.6249999999999987 -3.3306690738754696e-16
v 0.375 0.37500000000000144 1.0000000000000004
v 0.375 0.6250000000000013 0.9999999999999996
vt 0.375 1
vt 0.625 1
vt 0.625 0
vt 0.375 0
vt 0.375 1
vt 0.625 1
vt 0.625 0
vt 0.375 0
vt 0.375 1
vt 0.625 1
vt 0.625 0
vt 0.375 0
vt 0.375 1
vt 0.625 1
vt 0.625 0
vt 0.375 0
vt 0.375 0.625
vt 0.625 0.625
vt 0.625 0.375
vt 0.375 0.375
vt 0.375 0.625
vt 0.625 0.625
vt 0.625 0.375
vt 0.375 0.375
vn 0 -1 2.886579864025407e-15
vn 1 0 0
vn 0 1 -2.886579864025407e-15
vn -1 0 0
vn 0 -2.886579864025407e-15 -1
vn 0 2.886579864025407e-15 1
usemtl axis
f 44/156/39 47/155/39 45/154/39 42/153/39
f 43/160/40 44/159/40 42/158/40 41/157/40
f 48/164/41 43/163/41 41/162/41 46/161/41
f 47/168/42 48/167/42 46/166/42 45/165/42
usemtl axis_top
f 46/172/43 41/171/43 42/170/43 45/169/43
f 47/176/44 44/175/44 43/174/44 48/173/44
o blade_1
v 0.6606969024216323 0.06250000000000033 0.6915111107797474
v 0.6606969024216283 -0.9374999999999996 0.691511110779752
v 0.6606969024216323 0.06250000000000033 0.6915111107797474
v 0.6606969024216283 -0.9374999999999996 0.691511110779752
v 0.33930309757836064 -0.9375 0.3084888892202614
v 0.3393030975783645 0.06249999999999978 0.30848888922025675
v 0.33930309757836064 -0.9375 0.3084888892202614
v 0.3393030975783645 0.06249999999999978 0.30848888922025675
vt 0 1
vt 0.5 1
vt 0.5 1
vt 0 1
vt 0 1
vt 1 1
vt 1 1
vt 0 1
vt 0 1
vt 0.5 1
vt 0.5 1
vt 0 1
vt 0 1
vt 1 1
vt 1 1
vt 0 1
vt 0.5 0
vt 0 0
vt 0 1
vt 0.5 1
vt 1 1
vt 0.5 1
vt 0.5 0
vt 1 0
vn -3.843273480210338e-15 -1 4.746647250344595e-15
vn 0.6427876096865354 1.1099670157234944e-15 0.7660444431189813
vn 3.843273480210338e-15 1 -4.746647250344595e-15
vn -0.6427876096865354 -1.1099670157234944e-15 -0.7660444431189813
vn 0.7660444431189813 -5.931434554011722e-15 -0.6427876096865354
vn -0.7660444431189813 5.931434554011722e-15 0.6427876096865354
usemtl blade
f 52/180/45 55/179/45 53/178/45 50/177/45
f 51/184/46 52/183/46 50/182/46 49/181/46
f 56/188/47 51/187/47 49/186/47 54/185/47
f 55/192/48 56/191/48 54/190/48 53/189/48
f 54/196/49 49/195/49 50/194/49 53/193/49
f 55/200/50 52/199/50 51/198/50 56/197/50
o blade_2
v 1.9375 0.6606969024216347 0.6915111107797447
v 1.9375 0.3393030975783653 0.3084888892202553
v 1.9375 0.6606969024216347 0.6915111107797447
v 1.9375 0.3393030975783653 0.3084888892202553
v 0.9375 0.3393030975783653 0.3084888892202553
v 0.9375 0.6606969024216347 0.6915111107797447
v 0.9375 0.3393030975783653 0.3084888892202553
v 0.9375 0.6606969024216347 0.6915111107797447
vt 0 1
vt 1 1
vt 1 1
vt 0 1
vt 0 1
vt 0.5 1
vt 0.5 1
vt 0 1
vt 0 1
vt 1 1
vt 1 1
vt 0 1
vt 0 1
vt 0.5 1
vt 0.5 1
vt 0 1
vt 0 0
vt 0 1
vt 0.5 1
vt 0.5 0
vt 1 1
vt 1 0
vt 0.5 0
vt 0.5 1
vn 0 -0.6427876096865387 -0.7660444431189786
vn 1 0 0
vn 0 0.6427876096865387 0.7660444431189786
vn -1 0 0
vn 0 0.7660444431189786 -0.6427876096865387
vn 0 -0.7660444431189786 0.6427876096865387
usemtl blade
f 60/204/51 63/203/51 61/202/51 58/201/51
f 59/208/52 60/207/52 58/206/52 57/205/52
f 64/212/53 59/211/53 57/210/53 62/209/53
f 63/216/54 64/215/54 62/214/54 61/213/54
f 62/220/55 57/219/55 58/218/55 61/217/55
f 63/224/56 60/223/56 59/222/56 64/221/56
o blade_3
v 0.6606969024216283 1.9374999999999996 0.308488889220248
v 0.6606969024216323 0.9374999999999996 0.30848888922025264
v 0.6606969024216283 1.9374999999999996 0.308488889220248
v 0.6606969024216323 0.9374999999999996 0.30848888922025264
v 0.3393030975783645 0.9375000000000002 0.6915111107797434
v 0.33930309757836064 1.9375 0.6915111107797385
v 0.3393030975783645 0.9375000000000002 0.6915111107797434
v 0.33930309757836064 1.9375 0.6915111107797385
vt 0 1
vt 0.5 1
vt 0.5 1
vt 0 1
vt 0 1
vt 1 1
vt 1 1
vt 0 1
vt 0 1
vt 0.5 1
vt 0.5 1
vt 0 1
vt 0 1
vt 1 1
vt 1 1
vt 0 1
vt 0.5 0
vt 0 0
vt 0 1
vt 0.5 1
vt 1 0
vt 0.5 0
vt 0.5 1
vt 1 1
vn 3.843273480210338e-15 -1 4.746647250344595e-15
vn 0.6427876096865354 -1.1099670157234944e-15 -0.7660444431189813
vn -3.843273480210338e-15 1 -4.746647250344595e-15
vn -0.6427876096865354 1.1099670157234944e-15 0.7660444431189813
vn -0.7660444431189813 -5.931434554011722e-15 -0.6427876096865354
vn 0.7660444431189813 5.931434554011722e-15 0.6427876096865354
usemtl blade
f 68/228/57 71/227/57 69/226/57 66/225/57
f 67/232/58 68/231/58 66/230/58 65/229/58
f 72/236/59 67/235/59 65/234/59 70/233/59
f 71/240/60 72/239/60 70/238/60 69/237/60
f 70/244/61 65/243/61 66/242/61 69/241/61
f 71/248/62 68/247/62 67/246/62 72/245/62
o blade_4
v 0.0625 0.6606969024216316 0.30848888922025286
v 0.0625 0.3393030975783684 0.6915111107797471
v 0.0625 0.6606969024216316 0.30848888922025286
v 0.0625 0.3393030975783684 0.6915111107797471
v -0.9375 0.3393030975783684 0.6915111107797471
v -0.9375 0.6606969024216316 0.30848888922025286
v -0.9375 0.3393030975783684 0.6915111107797471
v -0.9375 0.6606969024216316 0.30848888922025286
vt 0 1
vt 1 1
vt 1 1
vt 0 1
vt 0 1
vt 0.5 1
vt 0.5 1
vt 0 1
vt 0 1
vt 1 1
vt 1 1
vt 0 1
vt 0 1
vt 0.5 1
vt 0.5 1
vt 0 1
vt 0.5 1
vt 0.5 0
vt 0 0
vt 0 1
vt 0.5 0
vt 0.5 1
vt 1 1
vt 1 0
vn 0 -0.6427876096865267 0.7660444431189887
vn 1 0 0
vn 0 0.6427876096865267 -0.7660444431189887
vn -1 0 0
vn 0 -0.7660444431189887 -0.6427876096865267
vn 0 0.7660444431189887 0.6427876096865267
usemtl blade
f 76/252/63 79/251/63 77/250/63 74/249/63
f 75/256/64 76/255/64 74/254/64 73/253/64
f 80/260/65 75/259/65 73/258/65 78/257/65
f 79/264/66 80/263/66 78/262/66 77/261/66
f 78/268/67 73/267/67 74/266/67 77/265/67
f 79/272/68 76/271/68 75/270/68 80/269/68
o blade_5
v 0.9229890861871255 0.3042706526488965 0.6915111107797443
v 1.6300958673736736 -0.4028361285376503 0.6915111107797434
v 0.9229890861871255 0.3042706526488965 0.6915111107797443
v 1.6300958673736736 -0.4028361285376503 0.6915111107797434
v 1.4028361285376518 -0.6300958673736716 0.30848888922025386
v 0.6957293473511039 0.07701091381287517 0.30848888922025486
v 1.4028361285376518 -0.6300958673736716 0.30848888922025386
v 0.6957293473511039 0.07701091381287517 0.30848888922025486
vt 0 1
vt 0.5 1
vt 0.5 1
vt 0 1
vt 0 1
vt 1 1
vt 1 1
vt 0 1
vt 0 1
vt 0.5 1
vt 0.5 1
vt 0 1
vt 0 1
vt 1 1
vt 1 1
vt 0 1
vt 0 1
vt 0.5 1
vt 0.5 0
vt 0 0
vt 0.5 1
vt 1 1
vt 1 0
vt 0.5 0
vn 0.7071067811865483 -0.7071067811865469 -1.02695629777827e-15
vn 0.45451947767204315 0.4545194776720429 0.7660444431189789
vn -0.7071067811865483 0.7071067811865469 1.02695629777827e-15
vn -0.45451947767204315 -0.4545194776720429 -0.7660444431189789
vn 0.5416752204197014 0.5416752204197034 -0.6427876096865386
vn -0.5416752204197014 -0.5416752204197034 0.6427876096865386
usemtl blade
f 84/276/69 87/275/69 85/274/69 82/273/69
f 83/280/70 84/279/70 82/278/70 81/277/70
f 88/284/71 83/283/71 81/282/71 86/281/71
f 87/288/72 88/287/72 86/286/72 85/285/72
f 86/292/73 81/291/73 82/290/73 85/289/73
f 87/296/74 84/295/74 83/294/74 88/293/74
o blade_6
v 1.4028361285376532 1.6300958673736714 0.6915111107797456
v 1.630095867373674 1.40283612853765 0.30848888922025597
v 1.4028361285376532 1.6300958673736714 0.6915111107797456
v 1.630095867373674 1.40283612853765 0.30848888922025597
v 0.9229890861871255 0.6957293473511035 0.3084888892202554
v 0.6957293473511044 0.9229890861871248 0.6915111107797451
v 0.9229890861871255 0.6957293473511035 0.3084888892202554
v 0.6957293473511044 0.9229890861871248 0.6915111107797451
vt 0 1
vt 1 1
vt 1 1
vt 0 1
vt 0 1
vt 0.5 1
vt 0.5 1
vt 0 1
vt 0 1
vt 1 1
vt 1 1
vt 0 1
vt 0 1
vt 0.5 1
vt 0.5 1
vt 0 1
vt 0 0
vt 0 1
vt 0.5 1
vt 0.5 0
vt 1 1
vt 1 0
vt 0.5 0
vt 0.5 1
vn 0.4545194776720421 -0.45451947767204287 -0.7660444431189795
vn 0.7071067811865486 0.7071067811865465 6.106226635438362e-16
vn -0.4545194776720421 0.45451947767204287 0.7660444431189795
vn -0.7071067811865486 -0.7071067811865465 -6.106226635438362e-16
vn -0.541675220419702 0.5416752204197038 -0.6427876096865377
vn 0.541675220419702 -0.5416752204197038 0.6427876096865377
usemtl blade
f 92/300/75 95/299/75 93/298/75 90/297/75
f 91/304/76 92/303/76 90/302/76 89/301/76
f 96/308/77 91/307/77 89/306/77 94/305/77
f 95/312/78 96/311/78 94/310/78 93/309/78
f 94/316/79 89/315/79 90/314/79 93/313/79
f 95/320/80 92/319/80 91/318/80 96/317/80
o blade_7
v -0.4028361285376457 1.6300958673736767 0.3084888892202553
v 0.30427065264889885 0.9229890861871266 0.30848888922025597
v -0.4028361285376457 1.6300958673736767 0.3084888892202553
v 0.30427065264889885 0.9229890861871266 0.30848888922025597
v 0.07701091381287462 0.6957293473511048 0.6915111107797434
v -0.6300958673736701 1.4028361285376552 0.6915111107797429
v 0.07701091381287462 0.6957293473511048 0.6915111107797434
v -0.6300958673736701 1.4028361285376552 0.6915111107797429
vt 0 1
vt 0.5 1
vt 0.5 1
vt 0 1
vt 0 1
vt 1 1
vt 1 1
vt 0 1
vt 0 1
vt 0.5 1
vt 0.5 1
vt 0 1
vt 0 1
vt 1 1
vt 1 1
vt 0 1
vt 0.5 0
vt 0 0
vt 0 1
vt 0.5 1
vt 1 0
vt 0.5 0
vt 0.5 1
vt 1 1
vn 0.7071067811865446 -0.7071067811865507 8.326672684688678e-16
vn 0.4545194776720483 0.4545194776720438 -0.766044443118975
vn -0.7071067811865446 0.7071067811865507 -8.326672684688678e-16
vn -0.4545194776720483 -0.4545194776720438 0.766044443118975
vn -0.5416752204197016 -0.541675220419698 -0.6427876096865429
vn 0.5416752204197016 0.541675220419698 0.6427876096865429
usemtl blade
f 100/324/81 103/323/81 101/322/81 98/321/81
f 99/328/82 100/327/82 98/326/82 97/325/82
f 104/332/83 99/331/83 97/330/83 102/329/83
f 103/336/84 104/335/84 102/334/84 101/333/84
f 102/340/85 97/339/85 98/338/85 101/337/85
f 103/344/86 100/343/86 99/342/86 104/341/86
o blade_8
v 0.07701091381287695 0.30427065264889275 0.30848888922025375
v 0.30427065264889674 0.07701091381287517 0.6915111107797465
v 0.07701091381287695 0.30427065264889275 0.30848888922025375
v 0.30427065264889674 0.07701091381287517 0.6915111107797465
v -0.4028361285376475 -0.6300958673736754 0.6915111107797469
v -0.6300958673736674 -0.40283612853765793 0.3084888892202541
v -0.4028361285376475 -0.6300958673736754 0.6915111107797469
v -0.6300958673736674 -0.40283612853765793 0.3084888892202541
vt 0 1
vt 1 1
vt 1 1
vt 0 1
vt 0 1
vt 0.5 1
vt 0.5 1
vt 0 1
vt 0 1
vt 1 1
vt 1 1
vt 0 1
vt 0 1
vt 0.5 1
vt 0.5 1
vt 0 1
vt 0.5 1
vt 0.5 0
vt 0 0
vt 0 1
vt 0.5 0
vt 0.5 1
vt 1 1
vt 1 0
vn 0.4545194776720396 -0.45451947767203504 0.7660444431189856
vn 0.7071067811865442 0.7071067811865508 -3.608224830031759e-16
vn -0.4545194776720396 0.45451947767203504 -0.7660444431189856
vn -0.7071067811865442 -0.7071067811865508 3.608224830031759e-16
vn 0.5416752204197096 -0.5416752204197048 -0.6427876096865305
vn -0.5416752204197096 0.5416752204197048 0.6427876096865305
usemtl blade
f 108/348/87 111/347/87 109/346/87 106/345/87
f 107/352/88 108/351/88 106/350/88 105/349/88
f 112/356/89 107/355/89 105/354/89 110/353/89
f 111/360/90 112/359/90 110/358/90 109/357/90
f 110/364/91 105/363/91 106/362/91 109/361/91
f 111/368/92 108/367/92 107/366/92 112/365/92